0 0 0 0 0 0 0 0 0 0 0 0 0 0 0 0 0 0 0 0 0 0 0 0 0 0 0 0 0 0 0 0 0 0 0 0
0 0 0 0 0 0 0 0 28 11 0 0 0 0 0 0 22 8 17 1 0 0 0 0 0 0 33 15 0 0 0 0 0 0 0 0
0 0 0 0 0 0 0 7 6 0 18 4 33 0 5 19 13 20 8 30 22 10 0 2 17 21 0 16 32 25 0 0 0 0 0 0
0 0 0 31 9 17 0 14 25 0 21 0 34 18 32 26 0 10 6 0 29 33 7 35 0 1 0 11 27 12 4 22 2 0 0 0
0 0 0 19 30 34 1 12 0 26 32 33 25 23 11 6 17 4 27 13 21 0 5 15 8 35 7 0 9 3 0 24 10 0 0 0
0 0 0 25 27 10 3 0 0 16 17 36 2 21 9 0 35 0 0 4 12 24 31 19 29 13 5 0 0 20 14 6 8 0 0 0
0 0 25 12 19 36 0 0 0 0 0 0 0 0 0 0 0 6 1 0 0 0 0 0 0 0 0 0 0 0 23 29 27 10 0 0
0 0 14 20 35 0 0 9 1 21 0 10 0 0 30 2 0 0 0 0 18 19 0 0 32 0 0 5 16 0 0 34 25 28 0 0
0 31 3 8 0 0 0 26 0 15 0 25 17 35 12 0 0 32 4 27 0 16 29 21 19 11 14 0 7 0 0 0 6 36 20 0
0 17 0 0 16 30 0 27 35 0 23 6 21 1 4 31 18 29 7 25 20 32 24 8 28 12 0 9 2 0 13 26 0 0 11 0
0 0 6 28 11 22 0 0 24 8 36 7 23 0 34 10 16 0 0 31 5 15 17 30 18 0 1 4 0 0 33 21 14 12 0 0
0 0 29 0 0 5 0 17 32 2 30 0 19 3 14 33 11 25 34 12 35 36 10 23 0 6 21 27 20 0 24 8 0 1 0 0
0 0 8 17 21 25 0 0 9 31 35 30 0 0 0 4 33 13 26 22 10 0 0 0 34 15 16 18 0 0 28 14 29 20 0 0
0 0 0 30 4 6 0 0 10 0 27 29 0 14 22 5 20 0 0 36 33 31 18 0 3 17 35 2 0 0 32 16 19 0 0 0
0 0 23 27 10 35 0 28 36 32 4 22 0 0 3 18 1 16 19 8 17 21 6 0 20 7 13 33 25 0 5 12 34 31 0 0
0 0 13 5 31 9 0 19 0 17 16 14 8 2 0 11 0 35 15 0 23 1 20 24 21 10 4 0 30 0 3 33 18 22 0 0
0 33 2 0 22 3 0 0 26 20 1 8 31 10 21 0 15 0 0 7 0 34 16 5 6 24 29 28 0 0 9 4 0 35 30 0
0 14 20 15 12 0 24 0 33 7 0 5 29 0 26 32 0 0 0 0 30 27 0 11 9 0 22 23 0 8 0 10 36 25 13 0
0 10 11 21 2 0 5 0 20 28 0 1 26 0 7 3 0 0 0 0 27 35 0 36 12 0 25 29 0 9 0 32 15 24 18 0
0 13 12 0 28 20 0 0 14 0 31 16 18 29 8 0 32 0 0 26 0 11 1 7 5 27 19 30 0 0 10 3 0 23 4 0
0 0 31 29 6 18 0 11 0 23 3 27 10 17 1 15 0 9 14 0 19 13 12 22 24 16 34 0 26 0 36 7 28 2 0 0
0 0 26 24 23 8 0 10 21 18 25 2 0 22 35 16 12 14 28 5 15 17 30 0 11 3 36 6 33 0 27 20 9 34 0 0
0 0 0 9 36 1 0 0 17 0 13 19 0 6 31 23 24 0 0 3 25 20 21 0 15 18 28 8 0 0 26 35 5 0 0 0
0 0 5 16 3 7 0 0 8 24 29 26 0 0 0 25 21 28 18 33 2 0 0 0 31 14 32 17 0 0 1 11 22 6 0 0
0 0 30 0 32 14 0 34 2 27 19 0 28 20 33 35 23 21 10 17 8 18 13 16 0 4 11 3 15 0 22 1 0 26 0 0
0 0 19 11 8 31 0 0 0 12 15 28 4 25 24 13 9 0 0 34 7 14 35 27 26 32 17 10 0 0 6 2 20 16 0 0
0 15 0 0 25 13 0 29 30 0 6 32 14 12 10 22 27 26 20 21 24 2 36 1 0 28 0 7 8 0 19 17 0 0 34 0
0 20 34 4 0 0 0 16 0 36 26 35 3 32 15 0 30 18 33 19 0 25 28 6 1 5 12 0 21 0 0 0 7 29 14 0
0 0 10 1 18 0 0 8 7 14 0 13 0 0 6 29 0 0 0 0 4 0 0 0 33 0 2 34 31 0 0 23 0 21 0 0
0 0 28 6 17 12 0 0 0 0 0 0 0 0 0 0 0 31 9 0 0 0 0 0 0 0 0 0 0 0 15 13 33 4 0 0
0 0 0 35 29 33 32 0 0 6 9 3 1 7 28 21 31 0 0 14 26 23 27 25 10 19 15 0 0 17 11 18 4 0 0 0
0 0 0 13 14 4 26 25 0 10 28 11 22 19 18 8 2 36 21 24 3 5 15 12 16 20 27 0 6 32 35 9 23 0 0 0
0 0 0 3 20 28 23 31 5 0 22 0 27 4 17 30 0 15 16 0 11 7 34 18 0 26 0 25 24 33 2 36 32 0 0 0
0 0 0 0 0 0 19 21 27 0 34 18 32 0 25 20 26 3 35 2 1 6 0 4 14 29 0 12 5 31 0 0 0 0 0 0
0 0 0 0 0 0 0 0 15 4 0 0 0 0 0 0 34 12 31 20 0 0 0 0 0 0 9 22 0 0 0 0 0 0 0 0
0 0 0 0 0 0 0 0 0 0 0 0 0 0 0 0 0 0 0 0 0 0 0 0 0 0 0 0 0 0 0 0 0 0 0 0