21 8 20 10 0 18 0 0 0 11 9 14 0 0 0 0 2 6 25 13 1 0 17 5 0
22 0 6 0 0 14 0 10 8 0 16 19 0 7 25 0 17 12 5 0 0 0 0 3 13
0 0 24 0 0 0 1 21 2 0 0 20 0 13 4 0 9 0 23 0 0 6 22 12 19
23 0 0 0 5 20 0 4 0 0 0 10 0 22 24 0 0 0 21 1 0 0 0 14 11
1 13 0 0 0 9 25 16 0 0 0 21 0 5 23 0 0 4 22 0 0 0 0 7 0
20 12 0 0 0 1 19 9 0 0 0 11 0 2 0 8 0 0 10 14 0 17 0 4 21
17 14 0 6 0 0 0 3 12 20 15 0 0 0 9 0 0 0 24 16 2 22 23 25 0
0 0 5 22 8 11 0 0 16 0 12 0 0 0 10 0 0 0 4 0 24 19 14 9 0
18 0 0 0 25 24 0 0 0 0 0 0 0 0 22 0 20 0 19 9 6 8 3 10 0
0 0 0 0 0 0 0 0 0 0 0 0 0 0 19 0 0 0 0 5 0 0 0 0 1
0 18 0 0 17 0 0 0 25 0 0 0 0 0 0 0 0 0 2 21 9 11 8 0 14
2 4 3 9 0 0 0 0 0 0 0 0 0 0 0 0 0 0 0 23 13 5 19 0 22
0 0 0 0 0 0 0 0 0 0 0 0 0 0 0 0 0 0 0 0 0 0 0 0 0
11 0 1 13 14 4 0 0 0 0 0 0 0 0 0 0 0 0 0 0 0 15 18 2 3
24 0 22 15 7 3 13 0 0 0 0 0 0 0 0 0 6 0 0 0 17 0 0 20 0
6 0 0 0 0 2 0 0 0 0 19 0 0 0 0 0 0 0 0 0 0 0 0 0 0
0 15 8 14 16 5 17 0 23 0 18 0 0 0 0 0 0 0 0 25 19 0 0 0 4
0 23 12 5 9 0 15 0 0 0 21 0 0 0 14 0 13 0 0 2 20 18 7 0 0
0 22 11 18 20 10 16 0 0 0 3 0 0 0 2 15 4 8 0 0 0 25 0 24 23
3 19 0 21 0 7 12 0 0 18 0 25 0 15 0 0 0 24 14 10 0 0 0 16 9
0 25 0 0 0 0 8 1 0 0 24 4 0 16 0 0 0 22 13 19 0 0 0 11 10
5 11 0 0 0 13 14 0 0 0 17 18 0 9 0 0 0 7 0 20 21 0 0 0 16
12 21 14 4 0 0 24 0 3 0 23 1 0 8 0 0 10 18 9 0 0 0 25 0 0
13 24 0 0 0 0 20 23 6 0 25 2 0 3 11 0 5 16 0 15 0 0 9 0 7
0 1 23 0 6 17 18 7 10 0 0 0 0 20 12 14 0 0 0 11 0 4 2 19 5