13 0 2 8 0 0 0 0 0 6 0 0 12 5 0 15
12 3 16 9 0 0 5 11 2 0 0 15 1 0 0 0
0 1 11 0 12 6 14 0 0 16 0 0 3 0 0 8
0 0 0 0 0 0 0 0 0 0 1 0 11 2 0 16
0 0 14 0 0 0 0 0 0 0 2 0 0 0 3 10
3 8 10 13 11 0 1 4 0 0 0 6 0 0 0 0
5 0 9 2 0 7 0 0 0 1 14 0 6 0 0 0
0 7 15 4 0 2 0 0 0 0 0 0 5 0 0 12
11 9 0 14 2 5 0 0 1 0 0 3 0 0 12 0
0 0 3 0 13 0 0 6 0 0 0 16 8 11 5 0
0 0 0 0 0 0 11 9 0 7 0 2 0 0 6 1
0 0 13 5 0 0 12 1 0 0 0 4 15 0 0 14
0 13 0 0 0 0 0 0 0 0 9 8 16 0 4 5
2 0 0 0 0 0 0 0 16 0 0 1 7 0 0 6
0 16 0 0 4 0 0 0 0 0 7 0 9 10 0 0
0 10 0 0 0 0 16 8 0 0 0 5 2 12 0 0